0
1.19499361515
1.19499361515
1.19499361515
1.19499349594
1.19499349594
1.19499349594
1.19499349594
1.19499349594
1.19499349594
1.19499349594
1.19499337673
1.19499337673
1.19499337673
1.19499325752
1.19499278069
1.19500160217
1.19509840012
1.19521296024
1.19533705711
1.19534778595
1.19552671909
1.19556450844
1.19557869434
1.19554436207
1.19556307793
1.19553351402
1.19554638863
1.19552063942
1.19552588463
1.19549942017
1.19550859928
1.19548094273
1.19548177719
1.19544839859
1.19546055794
1.19542515278
1.19544041157
1.19541037083
1.19541120529
1.19537568092
1.19538652897
1.19534993172
1.19536423683
1.19532775879
1.19533729553
1.19530081749
1.19531035423
1.19526970387
1.19528508186
1.19524466991
1.19525694847
1.19521582127
1.19523119926
1.19519484043
1.1952008009
1.19515991211
1.19517374039
1.19513106346
1.19514703751
1.19510924816
1.19511520863
1.19507300854
1.19508457184
1.19504630566
1.19505786896
1.1950211525
1.19502651691
1.1949839592
1.19499897957
1.1949545145
1.19496953487
1.19492936134
1.19493842125
1.19489550591
1.1949095726
1.19487118721
1.19488012791
1.19483709335
1.19484770298
1.19480872154
1.19482052326
1.19478285313
1.19478702545
1.19474875927
1.19475901127
1.19472002983
1.19472873211
1.19469666481
1.19469928741
1.19465625286
1.194668293
1.19462788105
1.19463717937
1.19460189342
1.19460654259
1.19456410408
1.19457495213
1.19454014301
1.19454658031
1.19450843334
1.19451451302
1.19447684288
1.194486022
1.19445347786
1.19445288181
1.19441831112
1.19442284107
1.19438695908
1.19439196587
1.19436073303
1.19436132908
1.19432771206
1.19432938099
1.19429588318
1.19429886341
1.19426906109
1.19426774979
1.19423210621
1.19423627853
1.19420516491
1.19420599937
1.19416952133
1.1941754818
1.19414258003
1.1941434145
1.19411683083
1.19411325455
1.19408237934
1.19408249855
1.19405186176
1.19405066967
1.19402360916
1.19401991367
1.19398808479
1.19398629665
1.19395637512
1.19395661354
1.19393002987
1.19392573833
1.19389510155
1.19389379025
1.19386708736
1.19386303425
1.19383454323
1.19383263588
1.19380545616
1.193800807
1.19377267361
1.19376993179
1.19374167919
1.19373786449
1.19371557236
1.19370698929
1.19368696213
1.19367432594
1.19365239143
1.1936403513
1.19362342358
1.19360792637
1.19359481335
1.193577528
1.19355976582
1.19354522228
1.19352662563
1.19351792336
1.19349777699
1.19348335266
1.19346702099
1.19345211983
1.19343733788
1.19342267513
1.1934030056
1.19338917732
1.19337534904
1.19335949421
1.19334733486
1.19332849979
1.19331181049
1.19329702854
1.19328224659
1.19326579571
1.19325435162
1.1932349205
1.19322061539
1.19320237637
1.19319021702
1.19317030907
1.19316124916
1.19313943386
1.19312775135
1.19310796261
1.19309842587
1.19307804108
1.19306504726
1.19304668903
1.19303524494
1.19301462173
1.19300556183
1.19298398495
1.19297254086
1.19295310974
1.19294381142
1.19292199612
1.19291698933
1.19289147854
1.19288372993
1.19285953045
1.19285058975
1.19282817841
1.19282281399
1.19279766083
1.19278800488
1.19276547432
1.19276046753
1.19273519516
1.19272816181
1.19270372391
1.19269573689
1.19267225266
1.19266581535
1.19264221191
1.19263494015
1.19261014462
1.19260489941
1.19257986546
1.19257318974
1.19254875183
1.19254243374
1.19251728058
1.19251489639
1.19248521328
1.192486763
1.19245541096
1.19244980812
1.19242334366
1.19242119789
1.19239330292
1.1923917532
1.19236075878
1.19235813618
1.1923302412
1.19232988358
1.19229841232
1.19229650497
1.19226670265
1.19226610661
1.19222688675
1.19223439693
1.19219660759
1.19220554829
1.1921646595
1.19217455387
1.19214129448
1.19214463234
1.19211065769
1.19211173058
1.19207298756
1.19208300114
1.19204068184
1.19205331802
1.19201934338
1.19202077389
1.19198000431
1.19198894501
1.19194746017
1.19195961952
1.19192159176
1.19192743301
1.19188511372
1.19189763069
1.19185304642
1.19186413288
1.19182264805
1.19183599949
1.19179236889
1.19180548191
1.19176542759
1.19177412987
1.1917321682
1.1917450428
1.19170308113
1.19171655178
1.19167983532
1.19168102741
1.19163775444
1.19164907932
1.19160723686
1.19162249565
1.19158554077
1.19158804417
1.1915525198
1.19155812263
1.19151604176
1.19152629375
1.19149076939
1.19149661064
1.19145417213
1.19146633148
1.19142234325
1.19143462181
1.19139838219
1.19140529633
1.19136703014
1.19137859344
1.19134509563
1.19134271145
1.19130253792
1.19131362438
1.1912727356
1.19128251076
1.19124948978
1.19125175476
1.19121348858
1.19121968746
1.19117903709
1.19118916988
1.19115948677
1.19115996361
1.19112503529
1.1911277771
1.19108867645
1.19109678268
1.19105625153
1.19106709957
1.19103181362
1.19103717804
1.19100522995
1.1910046339
1.19097089767
1.19097387791
1.19094014168
1.19094240665
1.19091522694
1.19091165066
1.19087767601
1.19088041782
1.19084966183
1.19084906578
1.19081962109
1.19081830978
1.19078660011
1.19078695774
1.19075679779
1.19075500965
1.19072437286
1.19072175026
1.19069552422
1.19069123268
1.19066095352
1.19065856934
1.19062829018
1.19062435627
1.19059348106
1.19058704376
1.19056081772
1.19055104256
1.19053030014
1.19051754475
1.19049537182
1.19048130512
1.19046461582
1.19044661522
1.19043016434
1.19041073322
1.19040000439
1.1903758049
1.19036662579
1.19034099579
1.19033145905
1.19030666351
1.19029986858
1.19027197361
1.19026851654
1.19023239613
1.19018030167
1.19008421898
1.19021296501
1.19022214413
1.19022071362
1.19022083282
1.19022107124
1.19022119045
1.19022130966
1.19022130966
1.19022142887
1.19022154808
1.19022166729
1.1902217865
1.1902217865
1.19022190571
1.19022190571
1.19022202492
1.19022214413
1.19022214413
1.19022226334
1.19022226334
1.19022238255
1.19022250175
1.19022250175
1.19022262096
1.19022262096
1.19022274017
1.19022285938
1.19022285938
1.19022297859
1.19022297859
1.1902230978
1.1902230978
1.19022321701
1.19022321701
1.19022333622
1.19022345543
1.19022345543
1.19022357464
1.19022357464
1.19022369385
1.19022369385
1.19022381306
1.19022381306
1.19022393227
1.19022405148
1.19022405148
1.19022417068
1.19022417068
1.19022428989
1.19022428989
1.1902244091
1.19022452831
1.19022452831
1.19022464752
1.19022464752
1.19022476673
1.19022476673
1.19022488594
1.19022500515
1.19022500515
1.19022512436
1.19022512436
1.19022524357
1.19022524357
1.19022536278
1.19022548199
1.19022548199
1.1902256012
1.1902256012
1.19022572041
1.19022572041
1.19022583961
1.19022583961
1.19022595882
1.19022607803
1.19022607803
1.19022619724
1.19022619724
1.19022631645
1.19022631645
1.19022643566
1.19022655487
1.19022655487
1.19022667408
1.19022667408
1.19022679329
1.1902269125
1.1902269125
1.19022703171
1.19022703171
1.19022715092
1.19022715092
1.19022727013
1.19022738934
1.19022738934
1.19022750854
1.19022750854
1.19022762775
1.19022762775
1.19022774696
1.19022786617
1.19022786617
1.19022798538
1.19022798538
1.19022810459
1.19022810459
1.1902282238
1.19022834301
1.19022834301
1.19022846222
1.19022846222
1.19022858143
1.19022858143
1.19022870064
1.19022881985
1.19022881985
1.19022893906
1.19022893906
1.19022905827
1.19022917747
1.19022917747
1.19022929668
1.19022929668
1.19022941589
1.19022941589
1.1902295351
1.19022965431
1.19022965431
1.19022977352
1.19022977352
1.19022989273
1.19023001194
1.19023001194
1.19023013115
1.19023013115
1.19023025036
1.19023036957
1.19023036957
1.19023048878
1.19023048878
1.19023060799
1.19023060799
1.1902307272
1.19023084641
1.19023084641
1.19023096561
1.19023096561
1.19023108482
1.19023120403
1.19023120403
1.19023132324
1.19023132324
1.19023144245
1.19023144245
1.19023156166
1.19023168087
1.19023168087
1.19023180008
1.19023180008
1.19023191929
1.1902320385
1.1902320385
1.19023215771
1.19023215771
1.19023227692
1.19023239613
1.19023239613
1.19023251534
1.19023251534
1.19023263454
1.19023275375
1.19023275375
1.19023287296
1.19023287296
1.19023299217
1.19023311138
1.19023311138
1.19023323059
1.19023323059
1.1902333498
1.1902333498
1.19023346901
1.19023358822
1.19023358822
1.19023370743
1.19023370743
1.19023382664
1.19023394585
1.19023394585
1.19023406506
1.19023406506
1.19023418427
1.19023430347
1.19023430347
1.19023442268
1.19023442268
1.19023454189
1.1902346611
1.1902346611
1.19023478031
1.19023478031
1.19023489952
1.19023501873
1.19023501873
1.19023513794
1.19023513794
1.19023525715
1.19023537636
1.19023537636
1.19023549557
1.19023549557
1.19023561478
1.19023573399
1.19023573399
1.1902358532
1.1902358532
1.1902359724
1.19023609161
1.19023609161
1.19023621082
1.19023621082
1.19023633003
1.19023644924
1.19023644924
1.19023656845
1.19023656845
1.19023668766
1.19023680687
1.19023680687
1.19023692608
1.19023692608
1.19023704529
1.1902371645
1.1902371645
1.19023728371
1.19023728371
1.19023740292
1.19023752213
1.19023752213
1.19023764133
1.19023776054
1.19023776054
1.19023787975
1.19023787975
1.19023799896
1.19023811817
1.19023811817
1.19023823738
1.19023823738
1.19023835659
1.1902384758
1.1902384758
1.19023859501
1.19023859501
1.19023871422
1.19023883343
1.19023883343
1.19023895264
1.19023895264
1.19023907185
1.19023919106
1.19023919106
1.19023931026
1.19023942947
1.19023942947
1.19023954868
1.19023954868
1.19023966789
1.1902397871
1.1902397871
1.19023990631
1.19024002552
1.19024002552
1.19024014473
1.19024014473
1.19024026394
1.19024038315
1.19024038315
1.19024050236
1.19024050236
1.19024062157
1.19024074078
1.19024074078
1.19024085999
1.19024085999
1.19024097919
1.1902410984
1.1902410984
1.19024121761
1.19024133682
1.19024133682
1.19024145603
1.19024145603
1.19024157524
1.19024169445
1.19024169445
1.19024181366
1.19024193287
1.19024193287
1.19024205208
1.19024205208
1.19024217129
1.1902422905
1.1902422905
1.19024240971
1.19024252892
1.19024252892
1.19024264812
1.19024264812
1.19024276733
1.19024288654
1.19024288654
1.19024300575
1.19024300575
1.19024312496
1.19024324417
1.19024324417
1.19024336338
1.19024348259
1.19024348259
1.1902436018
1.1902436018
1.19024372101
1.19024384022
1.19024384022
1.19024395943
1.19024407864
1.19024407864
1.19024419785
1.19024431705
1.19024431705
1.19024443626
1.19024443626
1.19024455547
1.19024467468
1.19024467468
1.19024479389
1.1902449131
1.1902449131
1.19024503231
1.19024503231
1.19024515152
1.19024527073
1.19024527073
1.19024538994
1.19024550915
1.19024550915
1.19024562836
1.19024562836
1.19024574757
1.19024586678
1.19024586678
1.19024598598
1.19024610519
1.19024610519
1.1902462244
1.19024634361
1.19024634361
1.19024646282
1.19024646282
1.19024658203
1.19024670124
1.19024670124
1.19024682045
1.19024693966
1.19024693966
1.19024705887
1.19024705887
1.19024717808
1.19024729729
1.19024729729
1.1902474165
1.19024753571
1.19024753571
1.19024765491
1.19024777412
1.19024777412
1.19024789333
1.19024789333
1.19024801254
1.19024813175
1.19024813175
1.19024825096
1.19024837017
1.19024837017
1.19024848938
1.19024860859
1.19024860859
1.1902487278
1.19024884701
1.19024884701
1.19024896622
1.19024896622
1.19024908543
1.19024920464
1.19024920464
1.19024932384
1.19024944305
1.19024944305
1.19024956226
1.19024968147
1.19024968147
1.19024980068
1.19024991989
1.19024991989
1.1902500391
1.1902500391
1.19025015831
1.19025027752
1.19025027752
1.19025039673
1.19025051594
1.19025051594
1.19025063515
1.19025075436
1.19025075436
1.19025087357
1.19025099277
1.19025099277
1.19025111198
1.19025123119
1.19025123119
1.1902513504
1.1902513504
1.19025146961
1.19025158882
1.19025158882
1.19025170803
1.19025182724
1.19025182724
1.19025194645
1.19025206566
1.19025206566
1.19025218487
1.19025230408
1.19025230408
1.19025242329
1.1902525425
1.1902525425
1.19025266171
1.19025278091
1.19025278091
1.19025290012
1.19025290012
1.19025301933
1.19025313854
1.19025313854
1.19025325775
1.19025337696
1.19025337696
1.19025349617
1.19025361538
1.19025361538
1.19025373459
1.1902538538
1.1902538538
1.19025397301
1.19025409222
1.19025409222
1.19025421143
1.19025433064
1.19025433064
1.19025444984
1.19025456905
1.19025456905
1.19025468826
1.19025468826
1.19025480747
1.19025492668
1.19025492668
1.19025504589
1.1902551651
1.1902551651
1.19025528431
1.19025540352
1.19025540352
1.19025552273
1.19025564194
1.19025564194
1.19025576115
1.19025588036
1.19025588036
1.19025599957
1.19025611877
1.19025611877
1.19025623798
1.19025635719
1.19025635719
1.1902564764
1.19025659561
1.19025659561
1.19025671482
1.19025683403
1.19025683403
1.19025695324
1.19025707245
1.19025707245
1.19025719166
1.19025731087
1.19025731087
1.19025743008
1.19025754929
1.19025754929
1.1902576685
1.1902577877
1.1902577877
1.19025790691
1.19025802612
1.19025802612
1.19025814533
1.19025826454
1.19025826454
1.19025838375
1.19025850296
1.19025850296
1.19025862217
1.19025874138
1.19025874138
1.19025886059
1.1902589798
1.1902589798
1.19025909901
1.19025921822
1.19025921822
1.19025933743
1.19025945663
1.19025945663
1.19025957584
1.19025969505
1.19025969505
1.19025981426
1.19025993347
1.19025993347
1.19026005268
1.19026017189
1.19026017189
1.1902602911
1.19026041031
1.19026041031
1.19026052952
1.19026064873
1.19026064873
1.19026076794
1.19026088715
1.19026088715
1.19026100636
1.19026112556
1.19026112556
1.19026124477
1.19026136398
1.19026136398
1.19026148319
1.1902616024
1.1902616024
1.19026172161
1.19026184082
1.19026184082
1.19026196003
1.19026207924
1.19026207924
1.19026219845
1.19026231766
1.19026243687
1.19026243687
1.19026255608
1.19026267529
1.19026267529
1.19026279449
1.1902629137
1.1902629137
1.19026303291
1.19026315212
1.19026315212
1.19026327133
1.19026339054
1.19026339054
1.19026350975
1.19026362896
1.19026362896
1.19026374817
1.19026386738
1.19026386738
1.19026398659
1.1902641058
1.1902641058
1.19026422501
1.19026434422
1.19026446342
1.19026446342
1.19026458263
1.19026470184
1.19026470184
1.19026482105
1.19026494026
1.19026494026
1.19026505947
1.19026517868
1.19026517868
1.19026529789
1.1902654171
1.1902654171
1.19026553631
1.19026565552
1.19026565552
1.19026577473
1.19026589394
1.19026589394
1.19026601315
1.19026613235
1.19026625156
1.19026625156
1.19026637077
1.19026648998
1.19026648998
1.19026660919
1.1902667284
1.1902667284
1.19026684761
1.19026696682
1.19026696682
1.19026708603
1.19026720524
1.19026732445
1.19026732445
